1.0424111907 1.0
1.04882579972 1.0
1.05084617445 1.0
1.04996710742 1.0
1.04965348974 1.0
1.04452287979 1.0
1.05174075342 1.0
1.07746779809 1.0
1.0505058013 1.0
1.04166836249 1.0
1.04130281077 1.0
1.05548021324 -1.0
1.05393370237 -1.0
1.05075573476 1.0
1.04995310461 1.0
1.05260527809 -1.0
1.05473126208 -1.0
1.04257960906 1.0
1.05199159409 -1.0
1.05392902742 1.0
1.05105413459 -1.0
1.05488692216 -1.0
1.05488692216 -1.0
1.0550282629 1.0
1.04772648293 -1.0
1.05694109703 1.0
1.05285560823 -1.0
1.05231886575 1.0
1.05285560823 1.0
1.05117746304 1.0
1.05135655678 -1.0
1.04544434362 -1.0
1.05280190445 -1.0
1.04748608291 1.0
1.05675907971 1.0
1.04800376047 1.0
1.05056259106 1.0
1.04226258461 1.0
1.05034599467 1.0
1.05117235386 -1.0
1.05199016846 1.0
1.05025277916 1.0
1.05098969097 1.0
1.0424919389 1.0
1.05647568751 1.0
1.04974925912 1.0
1.05053690304 1.0
1.05622585247 1.0
1.04961368093 1.0
1.05257156859 1.0
1.04804381852 1.0
1.05401056444 1.0
1.05209862648 1.0
1.04964643517 1.0
1.04960152674 1.0
1.05058568728 1.0
1.04290324329 1.0
1.05016854891 1.0
1.05470180056 1.0
1.05632697617 1.0
1.04895583585 1.0
1.04557241804 1.0
1.05570111227 1.0
1.05662495632 1.0
1.04041512804 1.0
1.04066512412 1.0
1.05066963266 1.0
1.04925954287 1.0
1.05053347265 1.0
1.05048892994 1.0
1.0504079218 1.0
1.05261232805 1.0
1.04959960901 -1.0
1.04118447294 1.0
1.05344327845 1.0
1.04986352774 1.0
1.04724862628 1.0
1.05113004355 1.0
1.04677819372 1.0
1.05625847071 1.0
1.0542167951 1.0
1.05031689979 1.0
1.05304938745 1.0
1.04711104411 1.0
1.04711104411 -1.0
1.0506875408 1.0
1.05199484078 1.0
1.04961368093 1.0
1.04995954768 1.0
1.0496502299 1.0
1.05038513049 1.0
1.04955991876 1.0
1.04966011907 1.0
1.04966666685 -1.0
1.04966666685 1.0
1.05009471353 1.0
1.05055038039 1.0
1.05046954998 1.0
1.05044830851 1.0
1.04966011907 1.0
1.04551582734 1.0
1.05482138576 1.0
1.04959960901 1.0
1.05087240279 1.0
1.04925954287 1.0
1.04580951709 1.0
1.05055488707 1.0
1.04924803749 1.0
1.0473339169 1.0
1.05350566353 1.0
1.04491473667 -1.0
1.04719016511 1.0
1.05272378 -1.0
1.04752439864 1.0
1.04707841867 -1.0
1.05005017726 1.0
1.05061296046 1.0
1.05358264625 1.0
1.05508855137 -1.0
1.05322105533 1.0
1.04683752296 -1.0
1.0487541094 1.0
1.04038300838 1.0
1.04967139237 1.0
1.04840049296 1.0
1.05352044701 1.0
1.0544208001 -1.0
1.05353735113 1.0
1.04732283186 -1.0
1.05042896986 1.0
1.05258835564 1.0
1.05032932335 1.0
1.04668452914 1.0
1.0462265345 1.0
1.05591961055 -1.0
1.05591961055 1.0
1.05299513136 1.0
1.04933789283 1.0
1.05661512175 1.0
1.05377879322 1.0
1.05415335365 1.0
1.05295661206 -1.0
1.05207185242 1.0
1.04966011907 1.0
1.05269183537 1.0
1.05048136249 -1.0
1.05038173996 1.0
1.05330718309 1.0
1.04555281364 1.0
1.04959960901 1.0
1.05211861655 1.0
1.03961403147 1.0
1.05601203203 -1.0
1.05061776238 1.0
1.05037089738 1.0
1.05701044065 1.0
1.0493852101 1.0
1.05671069308 1.0
1.04830976083 1.0
1.05176526492 1.0
1.05346955684 1.0
1.05033715676 1.0
1.04812785851 1.0
1.04946678147 1.0
1.05310243448 -1.0
1.05237015713 1.0
1.05128592043 1.0
1.05206468889 1.0
1.04373248367 1.0
1.05219014717 1.0
1.05105478703 -1.0
1.0473339169 1.0
1.05671069308 1.0
1.05357471349 1.0
1.05096063715 1.0
1.050310895 -1.0
1.05209616017 1.0
1.05042835683 1.0
1.04959960901 1.0
1.04213382685 -1.0
1.0433271288 1.0
1.05359782504 1.0
1.05050768526 1.0
1.05176526492 -1.0
1.05261177613 -1.0
1.04885782504 1.0
1.05910341776 1.0
1.0453517665 -1.0
1.0435534638 1.0
1.05528605227 1.0
1.05407104858 1.0
1.05154064497 1.0
1.05403813149 1.0
1.0435534638 1.0
1.05094639112 1.0
1.05022985757 -1.0
1.04558783193 1.0
1.05194566346 -1.0
1.05345575487 1.0
1.05164294916 1.0
1.05176526492 1.0
1.05503176789 -1.0
1.05921316032 1.0
1.05019377902 1.0
1.05062142956 -1.0
1.0493852101 1.0
1.05509656889 1.0
1.0473339169 1.0
1.04686915226 1.0
1.04966011907 1.0
1.04983938987 -1.0
1.05054149197 1.0
1.05464679224 1.0
1.05199415882 1.0
1.05035556303 1.0
1.04918116308 1.0
1.0547122238 1.0
1.05308721753 -1.0
1.05111006345 1.0
1.05035751604 1.0
1.05168442779 1.0
1.05522286467 -1.0
1.05368704988 1.0
1.0562194135 -1.0
1.05237651025 1.0
1.05176526492 1.0
1.04864214966 1.0
1.05359604973 1.0
1.0544295867 1.0
1.04260593598 1.0
1.06007325373 1.0
1.05520930494 1.0
1.04546829869 1.0
1.05412979728 1.0
1.0 -1.0
1.05780116299 -1.0
1.05397164112 1.0
1.0473339169 1.0
1.05237651025 1.0
1.05051999332 1.0
1.05031726229 1.0
1.0537907773 1.0
1.04955573945 1.0
1.05953086195 1.0
1.04961368093 -1.0
1.05132755247 -1.0
1.05191943256 1.0
1.0560914663 1.0
1.05200022846 1.0
1.05554289732 1.0
1.05554289732 1.0
1.05282206677 1.0
1.05118857691 1.0
1.05439712996 1.0
1.05098163846 1.0
1.05124762837 1.0
1.05285888354 1.0
1.04968431734 1.0
1.05289874952 1.0
1.04609644788 1.0
1.04959960901 1.0
1.05163271246 1.0
1.04690287812 1.0
1.05174488341 1.0
1.04773214316 1.0
1.05174488341 -1.0
1.05269537687 1.0
1.04706856161 1.0
1.04914247568 1.0
1.05241418006 1.0
1.05021543255 1.0
1.05282206677 1.0
1.04800207879 1.0
1.05430225723 1.0
1.04926264239 1.0
1.04663082846 1.0
1.05425475117 1.0
1.04863903037 1.0
1.05467045607 -1.0
1.05021543255 1.0
1.04977357813 1.0
1.04894902836 1.0
1.05103554418 1.0
1.04477997971 -1.0
1.04708017625 1.0
1.05172012164 1.0
1.05267424991 1.0
1.05176526492 1.0
1.05257937224 -1.0
1.05225110542 1.0
1.04847460037 -1.0
1.05497896279 -1.0
1.04441306122 1.0
1.05273701417 1.0
1.05176526492 -1.0
1.05176526492 1.0
1.04755138929 1.0
1.05110083739 1.0
1.0472849257 1.0
1.0466905385 1.0
1.05153951283 1.0
1.04605824339 -1.0
1.0495776743 -1.0
1.05075877792 1.0
1.05411425058 -1.0
1.05038888196 1.0
1.0427475048 1.0
1.0470595342 1.0
1.0542594238 -1.0
1.05490933201 1.0
1.0493638496 1.0
1.04476584143 1.0
1.04981763376 1.0
1.04645767851 1.0
1.04961368093 1.0
1.04495887649 1.0
1.05142484916 1.0
1.04961368093 1.0
1.05045177364 1.0
1.05521828211 1.0
1.05426809453 1.0
1.04764994803 1.0
1.04510088905 -1.0
1.04510088905 -1.0
1.04510088905 1.0
1.04823512844 1.0
1.04732714151 1.0
1.05202440322 1.0
1.0496592809 1.0
1.04970565063 1.0
1.05118187437 1.0
1.05299929931 1.0
1.04753646085 1.0
1.05022531057 -1.0
1.04874635361 1.0
1.0517864776 -1.0
1.0479397917 1.0
1.04563348974 -1.0
1.04563348974 -1.0
1.04784171669 -1.0
1.04752099446 1.0
1.04773585557 1.0
1.05615198363 -1.0
1.04622882276 1.0
1.05237552585 1.0
1.05010826677 1.0
1.04905365123 1.0
1.04981316634 1.0
1.05049915136 1.0
1.05142299799 1.0
1.04849270668 -1.0
1.04374709925 -1.0
1.10975605589 1.0
1.04335345598 1.0
1.05010826677 1.0
1.05393554745 1.0
1.04817514341 1.0
1.05273701417 1.0
1.0473339169 1.0
1.04959960901 1.0
1.0493989583 -1.0
1.04774118077 1.0
1.05152224826 1.0
1.05126061636 -1.0
1.05343471331 1.0
1.05105379144 1.0
1.05111006345 -1.0
1.04260702643 1.0
1.05595024173 1.0
1.04979614456 1.0
1.0503999971 1.0
1.04235108923 1.0
1.05361376318 1.0
1.05053344019 1.0
1.04695777363 1.0
1.0470436291 -1.0
1.04817835359 1.0
1.05018786843 1.0
1.04959960901 1.0
1.04888121803 1.0
1.04867184265 1.0
1.0470436291 -1.0
1.0470436291 -1.0
1.04724999035 1.0
1.05273701417 1.0
1.05111006345 -1.0
1.04793684979 1.0
1.04959960901 1.0
1.04678381009 -1.0
1.05282206677 1.0
1.04725189549 -1.0
1.0470436291 -1.0
1.0557440099 -1.0
1.04218068475 1.0
1.05037189403 1.0
1.0494124343 -1.0
1.05630929931 1.0
1.0470436291 -1.0
1.05503571088 1.0
1.05335437657 1.0
1.044598003 1.0
1.05286871207 1.0
1.04961368093 1.0
1.05368190036 1.0
1.0470436291 1.0
1.04560468999 1.0
1.04449582886 1.0
1.04783502045 1.0
1.04959960901 -1.0
1.04532589542 1.0
1.04959960901 1.0
1.05066893227 1.0
1.05382860452 1.0
1.04777536494 1.0
1.04901819118 1.0
1.05216258571 1.0
1.04959960901 -1.0
1.04292915587 -1.0
1.04972972466 1.0
1.05112244883 1.0
1.04925954287 1.0
1.05416024433 1.0
1.05752873642 -1.0
1.05507385994 1.0
1.04961368093 1.0
1.0538215734 -1.0
1.04914760826 1.0
1.05457993887 1.0
1.04355010408 1.0
1.0470436291 -1.0
1.05300357066 -1.0
1.04322054996 1.0
1.04959960901 1.0
1.0473339169 1.0
1.05273701417 1.0
1.04923564552 -1.0
1.0505275375 1.0
1.0473339169 1.0
1.0505275375 -1.0
1.05160764399 1.0
1.05830276435 1.0
1.0497697787 1.0
1.04748663553 1.0
1.04920685707 1.0
1.05376416097 1.0
1.04959960901 1.0
1.05176526492 1.0
1.0473339169 -1.0
1.04754433697 -1.0
1.04739363394 1.0
1.0473339169 1.0
1.04967317879 -1.0
1.05146798823 1.0
1.05390075892 -1.0
1.0470436291 1.0
1.05122647453 1.0
1.05204035739 1.0
1.0502888661 1.0
1.04754433697 1.0
1.04754576176 1.0
1.04718384535 1.0
1.0473339169 -1.0
1.054816307 1.0
1.0470436291 1.0
1.04370124829 1.0
1.0473339169 1.0
1.04995913058 1.0
1.0516049052 1.0
1.04984690784 -1.0
1.04371331928 -1.0
1.04370124829 1.0
1.0473339169 1.0
1.05990602087 1.0
1.05752873642 -1.0
1.05525624042 1.0
1.04873010569 1.0
1.05000360781 1.0
1.05008531818 -1.0
1.05193114024 1.0
1.0473339169 -1.0
1.05028104207 1.0
1.0470436291 1.0
1.04508460383 1.0
1.04647879917 1.0
1.05622819186 1.0
1.05042835683 1.0
1.04828639522 -1.0
1.0421004697 1.0
1.0496592809 1.0
1.04946678147 1.0
1.05168779219 1.0
1.04189098819 1.0
1.05121277933 -1.0
1.0473339169 1.0
1.04998965163 -1.0
1.05188225906 1.0
1.0493852101 1.0
1.0470436291 1.0
1.05469681944 1.0
1.04869455942 1.0
1.05034341362 1.0
1.05434637195 1.0
1.04715556582 1.0
1.05186806369 -1.0
1.04678043408 1.0
1.05392156444 1.0
1.05331648024 -1.0
1.04764090382 -1.0
1.04715556582 -1.0
1.04856235056 -1.0
1.05153896664 1.0
1.04856235056 1.0
1.04863272886 1.0
1.0511106666 1.0
1.0470436291 -1.0
1.05264551036 1.0
1.05064390301 1.0
1.05195193988 1.0
1.05726049208 -1.0
1.04434095249 1.0
1.0 -1.0
1.04487014995 1.0
1.0470436291 1.0
1.05176526492 -1.0
1.05172379528 1.0
1.04754576176 1.0
1.05363206791 1.0
1.05113949025 -1.0
1.05028518124 1.0
1.04959960901 1.0
1.05113949025 -1.0
1.0470436291 1.0
1.04398153289 1.0
1.05108755262 1.0
1.05095247491 -1.0
1.05113949025 -1.0
1.04925954287 -1.0
1.04346742636 1.0
1.05176526492 1.0
1.05279606623 1.0
1.04855235229 1.0
1.05104010296 1.0
1.04481226556 1.0
1.04966666685 1.0
1.05140942197 1.0
1.0492245392 1.0
1.05176526492 1.0
1.05206125757 -1.0
1.04416926286 1.0
1.05108060414 1.0
1.05111006345 1.0
1.05532313807 -1.0
1.05532313807 1.0
1.05176526492 1.0
1.04909833177 -1.0
1.04887783531 -1.0
1.04966011907 1.0
1.04959960901 1.0
1.04623344719 1.0
1.04828841876 1.0
1.05192982861 1.0
1.04925954287 -1.0
1.04522634609 1.0
1.04925954287 -1.0
1.04925954287 1.0
1.05238077737 1.0
1.04967139237 1.0
1.0493852101 1.0
1.04776603251 1.0
1.04899880189 1.0
1.05646234095 1.0
1.05164117955 1.0
1.05087513261 1.0
1.05176526492 -1.0
1.04888651694 1.0
1.05245394363 1.0
1.04961368093 1.0
1.04638511248 -1.0
1.04471081815 1.0
1.05176526492 1.0
1.04990722374 1.0
1.05245394363 -1.0
1.05206125757 1.0
1.05273701417 -1.0
1.0493852101 1.0
1.04959960901 1.0
1.05191897631 -1.0
1.04959960901 1.0
1.04959960901 1.0
1.04829597087 1.0
1.05250471478 -1.0
1.04703241298 1.0
1.05250471478 -1.0
1.05038188676 1.0
1.05018989324 1.0
1.0521283452 1.0
1.05060421123 1.0
1.05254811457 1.0
1.04488526331 1.0
1.05094487836 1.0
1.05142880363 1.0
1.0493852101 1.0
1.05396095587 -1.0
1.05254811457 1.0
1.04841109559 -1.0
1.05436800366 1.0
1.05372285999 1.0
1.04925729481 1.0
1.04959960901 1.0
1.05185874903 1.0
1.05448991557 -1.0
1.05068587686 1.0
1.05067658294 1.0
1.0473339169 1.0
1.05412979728 1.0
1.05076031111 1.0
1.0470436291 1.0
1.03626414115 -1.0
1.04611787167 1.0
1.05012741478 1.0
1.05085162148 -1.0
1.05458541451 1.0
1.05881522987 1.0
1.05010149331 -1.0
1.04739137564 1.0
1.05185371939 1.0
1.04959960901 1.0
1.05775270489 1.0
1.04514548621 1.0
1.05410510748 1.0
1.0484368833 -1.0
1.04805907513 1.0
1.05111006345 1.0
1.05140880065 1.0
1.04580965174 1.0
1.05164117955 1.0
1.05128773622 -1.0
1.06204896031 1.0
1.05238667692 1.0
1.05096877464 1.0
1.0473339169 1.0
1.05176526492 -1.0
1.05060853534 1.0
1.04254978254 1.0
1.04743291108 -1.0
1.05468610858 1.0
1.05726049208 1.0
1.04643242624 1.0
1.04966666685 1.0
1.04884912729 1.0
1.05969993284 -1.0
1.04901778601 -1.0
1.0532820176 -1.0
1.04786450657 1.0
1.0473339169 -1.0
1.05046400345 1.0
1.0 -1.0
1.05007345195 -1.0
1.04205025216 1.0
1.04966635167 -1.0
1.0473339169 1.0
1.05365998861 1.0
1.05075092369 1.0
1.04927894869 1.0
1.03981320578 1.0
1.04941590787 1.0
1.04686017494 1.0
1.0473339169 1.0
1.05464291307 -1.0
1.04985071085 -1.0
1.0477595453 1.0
1.0437216513 -1.0
1.0473339169 1.0
1.04819823693 -1.0
1.0473339169 -1.0
1.05277530506 -1.0
1.04929688451 -1.0
1.04621946275 -1.0
1.05080472613 -1.0
1.05047664885 -1.0
1.04983462564 -1.0
1.04621946275 -1.0
1.046103941 -1.0
1.05126679691 1.0
1.05192843968 1.0
1.05193111135 1.0
1.0505764747 1.0
1.05176782809 1.0
1.05001075365 1.0
1.05079183607 -1.0
1.05003092586 -1.0
1.05162434176 -1.0
1.04921717132 1.0
1.04961368093 1.0
1.05055711246 1.0
1.04879812379 -1.0
1.04851604599 -1.0
1.04837867884 1.0
1.0473339169 1.0
1.0473339169 -1.0
1.04984560051 1.0
1.04287950429 1.0
1.04901778601 -1.0
1.04740404753 -1.0
1.05161364315 1.0
1.04401187465 1.0
1.05434637195 -1.0
1.05215789523 1.0
1.05273701417 1.0
1.05037137745 1.0
1.04984301934 -1.0
1.04943615898 1.0
1.05601498836 1.0
1.04866546879 -1.0
1.0 -1.0
1.0 -1.0
1.05243052104 1.0
1.05109141535 1.0
1.04968027458 -1.0
1.04187961591 -1.0
1.05412979728 -1.0
1.04964330008 1.0
1.04181542289 -1.0
1.05425091904 -1.0
1.05394380116 -1.0
1.05261748835 -1.0
1.0501747641 1.0
1.05000360781 -1.0
1.04703163053 -1.0
1.04933657473 -1.0
1.04823118473 1.0
1.04887722588 -1.0
1.04959960901 -1.0
1.05100047384 1.0
1.04929422478 -1.0
1.05176526492 1.0
1.05412979728 1.0
1.04941035404 -1.0
1.04249198324 1.0
1.04987653983 1.0
1.05011085951 1.0
1.04367645499 -1.0
1.05098969097 1.0
1.05111006345 1.0
1.04740404753 -1.0
1.04788642002 1.0
1.04785922507 1.0
1.0 -1.0
1.05048955583 1.0
1.04732821208 -1.0
1.05184267338 1.0
1.04726669553 1.0
1.04751772291 1.0
1.04798007432 -1.0
1.04941035404 1.0
1.03978680228 -1.0
1.03874152315 -1.0
1.05206125757 1.0
1.05434637195 1.0
1.05412979728 1.0
1.05000910741 1.0
1.04138983424 1.0
1.05412979728 -1.0
1.03874152315 1.0
1.05434637195 1.0
1.05208399975 1.0
1.04479635305 1.0
1.05000910741 1.0
1.04953423409 1.0
1.05000360781 -1.0
1.04756757933 -1.0
1.04874237987 1.0
1.03978680228 -1.0
1.04751772291 -1.0
1.05037246976 -1.0
1.05070975388 -1.0
1.05229872154 -1.0
1.04746211957 1.0
1.05401274378 1.0
1.05397164112 1.0
1.04506062546 -1.0
1.04506062546 1.0
1.05738062635 -1.0
1.04998796076 -1.0
1.04462180159 -1.0
1.04839593953 1.0
1.05397164112 1.0
1.04895613061 1.0
1.0473339169 -1.0
1.04654543935 1.0
1.05138582063 1.0
1.04999468392 1.0
1.04499460728 1.0
1.04244498733 -1.0
1.04449752907 1.0
1.04961368093 1.0
1.05131024126 -1.0
1.0514340779 1.0
1.04921717132 -1.0
1.04921717132 1.0
1.04886620152 -1.0
1.05382860452 -1.0
1.04390296134 1.0
1.04958999253 1.0
1.05049887425 -1.0
1.04830700698 1.0
1.05176526492 1.0
1.04959960901 1.0
1.04905556545 1.0
1.04789750638 -1.0
1.05295782516 -1.0
1.05273701417 -1.0
1.04975541812 1.0
1.05176526492 -1.0
1.05206125757 1.0
1.05206125757 1.0
1.05176526492 1.0
1.05087468132 1.0
1.04326259383 -1.0
1.04326259383 1.0
1.04853530666 1.0
1.05500711352 -1.0
1.0398663787 -1.0
1.05318471252 -1.0
1.04420774725 -1.0
1.04300019312 1.0
1.05259318803 -1.0
1.04961368093 1.0
1.04499834507 1.0
1.0398663787 -1.0
1.04784204926 -1.0
1.05640154777 1.0
1.05027305648 1.0
1.04420774725 -1.0
1.04462413536 1.0
1.05149488841 -1.0
1.05379462143 -1.0
1.04784204926 -1.0
1.04777335178 1.0
1.04784204926 1.0
1.05165143118 -1.0
1.05516254378 1.0
1.05491981933 -1.0
1.0 -1.0
1.04839465171 -1.0
1.05127642224 1.0
1.04794345099 1.0
1.05060398179 1.0
1.04715906578 1.0
1.05084425957 1.0
1.04918559665 1.0
1.04775421037 1.0
1.05259318803 1.0
1.04935098032 1.0
1.05437059203 1.0
1.05482632114 1.0
1.04879529465 1.0
1.04775325562 -1.0
1.04759573201 1.0
1.04876406248 1.0
1.04963220651 -1.0
1.05043948922 -1.0
1.0493852101 -1.0
1.05111006345 -1.0
1.05111006345 -1.0
1.05111006345 1.0
1.04796199981 1.0
1.04936853728 -1.0
1.05116883673 1.0
1.05206125757 1.0
1.05206125757 1.0
1.05176526492 1.0
1.04863862194 -1.0
1.04813645002 1.0
1.05247234936 1.0
1.05206125757 1.0
1.05501085558 1.0
1.05006742226 -1.0
1.05378296206 1.0
1.04603718244 1.0
1.04622218532 1.0
1.051179485 -1.0
1.05404415894 -1.0
1.04266923281 -1.0
1.05042408952 1.0
1.06055905512 -1.0
1.04275367876 1.0
1.0473339169 1.0
1.0493852101 1.0
1.0468983912 1.0
1.05326392753 -1.0
1.05066461377 1.0
1.05208386917 1.0
1.0542103055 1.0
1.05526530887 1.0
1.04645996514 -1.0
1.04729688208 -1.0
1.04838999682 1.0
1.04959960901 1.0
1.04766283168 1.0
1.04554886961 1.0
1.05172066953 1.0
1.04446851183 1.0
1.04924004735 1.0
1.04723592096 -1.0
1.04924004735 -1.0
1.0 -1.0
1.0539424046 1.0
1.0483674981 -1.0
1.0473339169 -1.0
1.0424721632 -1.0
1.03820305172 1.0
1.05318471252 1.0
1.04929239794 1.0
1.05327569382 1.0
1.04308953704 1.0
1.0473339169 1.0
1.04932247085 1.0
1.05458243167 1.0
1.04722705604 1.0
1.05066461377 1.0
1.0473339169 1.0
1.05060710788 1.0
1.05153430897 1.0
1.05273701417 1.0
1.05025491778 1.0
1.05613451718 -1.0
1.04381240506 1.0
1.04453977004 1.0
1.05006474426 1.0
1.04959960901 1.0
1.06110115478 1.0
1.05241772128 -1.0
1.05543255919 1.0
1.04455539483 1.0
1.04026221931 1.0
1.05273701417 1.0
1.05273701417 1.0
1.04902855225 1.0
1.05746200256 -1.0
1.05176526492 1.0
1.05273701417 1.0
1.05434637195 1.0
1.05176526492 1.0
1.05273701417 1.0
1.05478102626 1.0
1.0538215734 -1.0
1.04756757933 1.0
1.04932519084 1.0
1.05060558919 1.0
1.05123826567 -1.0
1.04959960901 1.0
1.0470436291 1.0
1.05111006345 1.0
1.05176526492 -1.0
1.05176526492 1.0
1.05020720394 1.0
1.05151821542 1.0
1.05327840196 1.0
1.05068483812 1.0
1.04935828859 -1.0
1.04092526445 1.0
1.05247524443 -1.0
1.0513712535 1.0
1.05326392753 1.0
1.04955573945 1.0
1.05382860452 1.0
1.04489080201 -1.0
1.05364169525 -1.0
1.04772052913 1.0
1.04959960901 1.0
1.05988631788 -1.0
1.04676572961 1.0
1.0449102203 1.0
1.05167065803 1.0
1.04838652459 -1.0
1.04807150892 1.0
1.04534721166 -1.0
1.05148516571 1.0
1.05325337316 1.0
1.05363816157 1.0
1.04840522043 -1.0
1.05382860452 1.0
1.05517837174 1.0
1.0538215734 1.0
1.05096567775 -1.0
1.05428345513 1.0
1.05176526492 -1.0
1.04685704018 -1.0
1.04706281595 -1.0
1.04987614194 1.0
1.04805134532 1.0
1.04784952425 -1.0
1.04126228671 1.0
1.04784952425 -1.0
1.04961368093 1.0
1.0491931296 1.0
1.04379712113 1.0
1.04111450448 1.0
1.05176526492 -1.0
1.05657552073 1.0
1.05111006345 1.0
1.04563647619 1.0
1.05026189456 -1.0
1.05273701417 1.0
1.04997394951 1.0
1.04825631291 1.0
1.05460446112 1.0
1.04405280895 1.0
1.05114395184 1.0
1.04424555961 1.0
1.04405280895 1.0
1.04884886982 -1.0
1.04284057521 1.0
1.04975935064 1.0
1.04530481931 1.0
1.05720892918 1.0
1.04499779456 1.0
1.04946678147 1.0
1.05273701417 1.0
1.05000360781 -1.0
1.05439182318 1.0
1.0521599397 1.0
1.04563647619 -1.0
1.0470436291 -1.0
1.05626217435 1.0
1.04151304069 1.0
1.04959960901 -1.0
1.04994524894 1.0
1.04283364002 1.0
1.05045177364 1.0
1.05141805387 1.0
1.04967139237 1.0
1.04740305195 1.0
1.04959960901 1.0
1.0509220257 1.0
1.05621741761 1.0
1.04854390221 1.0
1.04745045848 1.0
1.04951000945 1.0
1.05125201508 1.0
1.05031857407 1.0
1.05049251888 1.0
1.04596666343 1.0
1.05521863262 1.0
1.04586593263 1.0
1.04829826491 1.0
1.04583483936 1.0
1.04805446586 1.0
1.0470436291 1.0
1.05434637195 1.0
1.05111006345 1.0
1.04959960901 1.0
1.0433348573 -1.0
1.05420612486 1.0
1.04967139237 1.0
1.05273701417 -1.0
1.04929872903 1.0
1.04485663831 1.0
1.05114937596 1.0
1.04247136841 1.0
1.04807150892 1.0
1.04301343397 -1.0
1.05293190275 1.0
1.04906419808 1.0
1.05107100435 -1.0
1.04939446803 1.0
1.04664715674 1.0
1.05030211183 1.0
1.04934597828 1.0
1.04812566 1.0
1.05527775534 -1.0
1.04919226945 1.0
1.05434637195 1.0
1.04740404753 1.0
1.0446469249 -1.0
1.05341720887 1.0
1.0446469249 1.0
1.05366067377 1.0
1.04651338828 1.0
1.04040634006 1.0
1.04945786444 1.0
1.0461635237 1.0
1.04807453232 1.0
1.05106236764 1.0
1.05219857029 1.0
1.04606899272 1.0
1.05325042196 1.0
1.05540831089 1.0
1.04381358732 1.0
1.04931500086 1.0
1.05400982292 1.0
1.04728950252 1.0
1.05357229697 1.0
1.04676925007 1.0
1.04675385955 1.0
1.05233670606 1.0
1.04807150892 -1.0
1.04807150892 1.0
1.05393468321 1.0
1.05293190275 1.0
1.04966236244 1.0
1.04675385955 -1.0
1.04819481317 -1.0
1.05293190275 1.0
1.05468933171 1.0
1.05242193989 1.0
1.05599274011 1.0
1.04858870345 -1.0
1.04648246997 1.0
1.04910916137 -1.0
1.04746211957 1.0
1.04888510752 1.0
1.04807150892 1.0
1.05007229795 -1.0
1.04657865568 -1.0
1.04283845532 1.0
1.04900719661 1.0
1.04589628582 1.0
1.05890654892 -1.0
1.04856905509 1.0
1.04493495273 1.0
1.04992095504 1.0
1.05508883819 1.0
1.04817058047 1.0
1.04894100303 1.0
1.05063555616 1.0
1.04663329004 1.0
1.0532366659 1.0
1.05399554149 1.0
1.05371624791 -1.0
1.05044830851 1.0
1.05293190275 1.0
1.05327876483 1.0
1.04985451438 1.0
1.04321796523 1.0
1.04259696986 1.0
1.07688663561 1.0
1.04838337137 1.0
1.05639443294 1.0
1.04294435299 1.0
1.05205023285 1.0
1.04508123105 1.0
1.05331002722 1.0
1.05371624791 1.0
1.04437901703 1.0
1.05151143367 1.0
1.05135409898 1.0
1.04636168734 1.0
1.05007229795 1.0
1.05004678961 -1.0
1.04959960901 1.0
1.04390263665 1.0
1.05624841013 1.0
1.05356702468 1.0
1.04949357281 1.0
1.04084264178 1.0
1.04575473295 1.0
1.05237043327 1.0
1.05550677441 1.0
1.04585210336 1.0
1.04958865174 1.0
1.04929173323 1.0
1.058162207 1.0
1.05327567564 -1.0
1.04746876777 -1.0
1.04850905601 1.0
1.05352642448 1.0
1.05771236467 1.0
1.05054623155 1.0
1.04600718622 1.0
1.05328702268 1.0
1.05336117514 1.0
1.04894310802 1.0
1.05252595392 1.0
1.05167300218 1.0
1.05086310541 -1.0
1.05182565812 1.0
1.05086310541 -1.0
1.05086310541 -1.0
1.04646447937 1.0
1.051283891 1.0
1.05096447261 1.0
1.0419308959 1.0
1.04961368093 1.0
1.04630804039 -1.0
1.05463240467 1.0
1.04331061944 -1.0
1.05147296282 1.0
1.05071327147 1.0
1.05206125757 -1.0
1.05479646027 1.0
1.05427871558 1.0
1.05354582055 1.0
1.04585210336 1.0
1.04104550593 1.0
1.0473339169 1.0
1.04938709461 1.0
1.05361168876 -1.0
1.04724250396 -1.0
1.04946383638 1.0
1.05164707239 1.0
1.04563647619 1.0
1.04563647619 1.0
1.05358291865 1.0
1.04596554562 1.0
1.04426909771 1.0
1.04397380124 1.0
1.04732224361 -1.0
1.04679785359 1.0
1.04304791749 1.0
1.04849999818 1.0
1.05597113293 1.0
1.05346250069 1.0
1.05336117514 1.0
1.04901781552 1.0
1.05011858828 1.0
1.04618047664 1.0
1.05331342098 1.0
1.05327153391 1.0
1.05252595392 1.0
1.05252595392 1.0
1.04367580504 1.0
1.05045177364 1.0
1.047897019 1.0
1.0486921482 1.0
1.0459384281 1.0
1.05257845937 -1.0
1.0502075363 1.0
1.04948732902 1.0
1.05332332964 -1.0
1.04468909196 1.0
1.04961368093 1.0
1.0459382085 1.0
1.05160694653 1.0
1.05348851603 -1.0
1.05252595392 -1.0
1.05232279358 1.0
1.05586201395 1.0
1.05312017744 -1.0
1.04671887439 1.0
1.05252595392 -1.0
1.05336117514 -1.0
1.05332332964 1.0
1.05252595392 1.0
1.05348851603 1.0
1.04810464 1.0
1.0497780157 1.0
1.04013857295 1.0
1.05164707239 -1.0
1.04670935602 1.0
1.05010872559 1.0
1.04859165614 1.0
1.05252595392 1.0
1.05312017744 1.0
1.05257845937 1.0
1.05343313096 1.0
1.05073734081 1.0
1.04134018072 1.0
1.0470136218 1.0
1.05336676505 1.0
1.04416107355 1.0
1.04752171009 1.0
1.04833121575 1.0
1.05041939341 1.0
1.04497465843 -1.0
1.05164707239 1.0
1.04256010209 -1.0
1.04849895215 -1.0
1.04585210336 1.0
1.05719267634 1.0
1.0514268184 1.0
1.05230474557 -1.0
1.04409063601 1.0
1.05586072747 1.0
1.05354387366 1.0
1.04959389941 1.0
1.04711767945 1.0
1.04746989318 1.0
1.04983581192 1.0
1.04855107922 1.0
1.04450303105 1.0
1.04585210336 1.0
1.05225538372 1.0
1.05075914864 -1.0
1.04828056425 1.0
1.04585210336 1.0
1.04119677528 1.0
1.05045316843 1.0
1.04585210336 -1.0
1.04744533835 1.0
1.04742480311 -1.0
1.04585210336 1.0
1.0497747339 1.0
1.04585210336 1.0
1.04947885854 -1.0
1.05054402391 1.0
1.05027038577 -1.0
1.04959179177 1.0
1.05051601015 1.0
1.05017648197 1.0
1.04585210336 1.0
1.04867526077 1.0
1.04585210336 1.0
1.0460310889 1.0
1.04111450448 1.0
1.05344032521 -1.0
1.05706945751 -1.0
1.04585210336 1.0
1.04986019496 1.0
1.04131290878 1.0
1.05081870161 1.0
1.05125244482 1.0
1.04585210336 1.0
1.04931108661 1.0
1.05290033001 1.0
1.04644880995 1.0
1.04983826822 -1.0
1.05164707239 -1.0
1.04943699471 -1.0
1.05344032521 1.0
1.04253078631 -1.0
1.0494656379 1.0
1.04471177436 1.0
1.04878241509 1.0
1.04585210336 1.0
1.05252595392 1.0
1.04433611393 1.0
1.05320075841 -1.0
1.05816259612 1.0
1.05164707239 1.0
1.05257845937 1.0
1.04441508282 1.0
1.05154004964 1.0
1.04450303105 1.0
1.0559262499 1.0
1.04138819883 1.0
1.04450303105 1.0
1.05164707239 1.0
1.05363233188 1.0
1.04578721897 1.0
1.05048139565 1.0
1.0486728822 1.0
1.05041939341 1.0
1.04450303105 1.0
1.04915522494 1.0
1.04833121575 1.0
1.04356564987 1.0
1.04585210336 1.0
1.04731085326 -1.0
1.04585210336 1.0
1.05314805228 1.0
1.04585210336 1.0
1.04585210336 1.0
1.04964786924 1.0
1.05058558003 1.0
1.04228846551 1.0
1.0519719834 -1.0
1.07834691961 1.0
1.07750901249 1.0
1.04348480029 1.0
1.03825758516 1.0
1.05255053034 1.0
1.04788123869 1.0
1.05164707239 -1.0
1.04585210336 1.0
1.04450303105 -1.0
1.04407237821 -1.0
1.05031414247 1.0
1.04368783866 -1.0
1.05257845937 1.0
1.0433592504 1.0
1.0518795337 1.0
1.04695461956 -1.0
1.04585210336 1.0
1.04991041539 1.0
1.04467249479 1.0
1.04841870137 1.0
1.05150744724 -1.0
1.04878241509 -1.0
1.0465926293 1.0
1.04825845186 1.0
1.05755638177 1.0
1.04752041415 1.0
1.04914544779 -1.0
1.05004060352 1.0
1.05755638177 1.0
1.05164707239 1.0
1.05661019155 1.0
1.03838013489 1.0
1.05439688184 1.0
1.05032165358 1.0
1.0480926633 1.0
1.04585210336 1.0
1.05164707239 1.0
1.04585210336 -1.0
1.04383241668 1.0
1.04109073798 -1.0
1.04991646054 1.0
1.04974551008 1.0
1.04048263409 1.0
1.05500470368 1.0
1.04585210336 -1.0
1.05337156428 1.0
1.0492907386 1.0
1.04425614736 1.0
1.04879876488 1.0
1.0510630284 1.0
1.05282335597 1.0
1.04585210336 1.0
1.04936204254 1.0
1.05205768895 1.0
1.05744929298 1.0
1.05277910116 1.0
1.05346474058 1.0
1.05145318301 1.0
1.05098909957 1.0
1.05003363507 -1.0
1.04330486226 -1.0
1.04585210336 1.0
1.04744249936 1.0
1.04628001407 1.0
1.05128071678 1.0
1.04585210336 -1.0
1.05437126081 -1.0
1.04585210336 1.0
1.05437126081 1.0
1.04533273204 1.0
1.04605659266 1.0
1.04960875663 1.0
1.05107087565 1.0
1.04652056131 1.0
1.04974214134 1.0
1.05187740106 1.0
1.04966778572 1.0
1.05145416936 1.0
1.05405058992 1.0
1.05650900234 1.0
1.04863075445 1.0
1.05099003456 1.0
1.05303821123 -1.0
1.05303821123 1.0
1.04645315383 1.0
1.04813764962 1.0
1.04771298676 1.0
1.05205949323 1.0
1.04991681935 1.0
1.05362814293 1.0
1.05195552078 1.0
1.05227199307 1.0
1.04691955276 1.0
1.04383958588 1.0
1.05062938313 1.0
1.05195508583 -1.0
1.0442054405 1.0
1.04758875357 1.0
1.04674164084 -1.0
1.05594117052 1.0
1.05399164406 1.0
1.05234195588 1.0
1.04543563545 1.0
1.04413706534 1.0
1.05142560696 1.0
1.04944963081 1.0
1.04891422721 1.0
1.04774263621 1.0
1.05164707239 1.0
1.05192206844 1.0
1.04785854028 1.0
1.04399453365 1.0
1.04585210336 1.0
1.05092311358 1.0
1.04824520511 1.0
1.05164707239 1.0
1.04799527524 1.0
1.04497465843 1.0
1.04450303105 1.0
1.04187334042 -1.0
1.04398618542 -1.0
1.04431148974 -1.0
1.05043895583 1.0
1.05165428092 1.0
1.05475252488 -1.0
1.04705273427 1.0
1.04857159893 1.0
1.04585210336 1.0
1.04585210336 1.0
1.05175549604 1.0
1.05377527068 1.0
1.04913395196 1.0
1.04399874717 1.0
1.04832597313 -1.0
1.05000910741 1.0
1.04450303105 1.0
1.04841127196 1.0
1.04926718142 1.0
1.04441170852 1.0
1.05356751144 -1.0
1.04674377056 1.0
1.05073117003 1.0
1.04860970836 1.0
1.04939074779 1.0
1.04599112245 1.0
1.05900122026 1.0
1.04995899 1.0
1.05675791802 -1.0
1.0513283479 1.0
1.04646340444 1.0
1.04497516115 1.0
1.05149469958 1.0
1.05185784175 1.0
1.04668610534 1.0
1.04120924091 -1.0
1.04399030308 1.0
1.05443481192 -1.0
1.04757099255 1.0
1.05018999094 1.0
1.04475492634 1.0
1.05127979561 1.0
1.04668610534 -1.0
1.05126657128 1.0
1.04691158674 -1.0
1.04816468301 1.0
1.04585210336 1.0
1.04522837983 1.0
1.04450303105 1.0
1.05763812549 -1.0
1.05242517627 1.0
1.04651066979 1.0
1.05227461584 1.0
1.05763812549 1.0
1.0507336371 -1.0
1.05164707239 1.0
1.04585210336 -1.0
1.05051525857 1.0
1.05185059301 -1.0
1.04585210336 -1.0
1.04708250333 1.0
1.05055791442 1.0
1.04883553769 1.0
1.0449324232 1.0
1.04131290878 1.0
1.05103950916 -1.0
1.04807132946 1.0
1.04404698838 1.0
1.05164707239 1.0
1.05174457809 1.0
1.04585210336 1.0
1.04596031698 1.0
1.05291789956 1.0
1.04499124376 1.0
1.04567432348 1.0
1.04993229948 1.0
1.04721671826 -1.0
1.04459740553 -1.0
1.04711702701 1.0
1.06072477703 1.0
1.05105847529 1.0
1.04723010058 1.0
1.04585210336 1.0
1.04870716177 1.0
1.0468225401 1.0
1.05454176201 1.0
1.04539552117 1.0
1.04610409029 1.0
1.04852185087 -1.0
1.05069282047 1.0
1.05028271463 1.0
1.0437641623 -1.0
1.05009670531 1.0
1.05138004266 1.0
1.04585210336 -1.0
1.04745045848 1.0
1.04946109932 1.0
1.04855585641 1.0
1.04109073798 -1.0
1.05366322192 1.0
1.04109073798 1.0
1.05129897702 -1.0
1.04362563416 1.0
1.05135685076 1.0
1.05169107315 1.0
1.05009262266 1.0
1.05228210168 1.0
1.0546438841 -1.0
1.05153149772 1.0
1.04751241274 1.0
1.0922671635 1.0
1.04585210336 1.0
1.04723489957 1.0
1.05164707239 -1.0
1.05164707239 -1.0
1.05422575634 1.0
1.05075286626 1.0
1.05129897702 1.0
1.05069282047 1.0
1.05339775529 1.0
1.05129897702 1.0
1.05513334792 1.0
1.05507854696 1.0
1.04751607079 1.0
1.04716883436 1.0
1.04868591053 1.0
1.04716883436 -1.0
1.04542313223 -1.0
1.04648820631 1.0
1.05164707239 1.0
1.05661238447 1.0
1.05492351134 1.0
1.05499220011 1.0
1.05389291984 -1.0
1.05082343297 1.0
1.05389291984 1.0
1.04902532797 1.0
1.04970851897 1.0
1.04934760028 1.0
1.05011253616 1.0
1.04929872903 1.0
1.04196689846 1.0
1.04833834296 1.0
1.04318390761 1.0
1.0509650189 -1.0
1.04515783675 -1.0
1.04515783675 1.0
1.05069282047 1.0
1.05259578489 1.0
1.04892344392 1.0
1.043924893 1.0
1.05395977916 1.0
1.05292841412 1.0
1.04878241509 1.0
1.04520312686 1.0
1.05536319906 -1.0
1.05069282047 1.0
1.04849527843 1.0
1.04191283733 1.0
1.04585210336 1.0
1.04329782394 1.0
1.04484121956 1.0
1.05101376644 1.0
1.04796218115 1.0
1.04762642479 1.0
1.0442919297 1.0
1.04322164912 1.0
1.05492635384 1.0
1.043346606 1.0
1.04996627697 1.0
1.04452029572 -1.0
1.0507006849 1.0
1.05824146183 -1.0
1.05144944353 -1.0
1.04945508341 -1.0
1.0422000001 1.0
1.05354582055 -1.0
1.04410804731 -1.0
1.04109073798 1.0
1.04643906551 1.0
1.04585210336 1.0
1.05369373623 1.0
1.04769109282 1.0
1.05101204916 1.0
1.05065899046 1.0
1.04800961974 1.0
1.05358438351 -1.0
1.04585210336 1.0
1.04689607741 -1.0
1.04585210336 1.0
1.04444012749 1.0
1.05158361765 1.0
1.04713901945 1.0
1.05010848063 1.0
1.04061239683 1.0
1.04317318927 1.0
1.0486502889 1.0
1.04236490661 1.0
1.05514599117 1.0
1.04111088105 1.0
1.04834522287 1.0
1.04637190037 -1.0
1.05164707239 -1.0
1.04287397694 1.0
1.04256773 -1.0
1.04342500576 -1.0
1.04878241509 1.0
1.04342500576 1.0
1.04376520056 1.0
1.04857377532 -1.0
1.04585210336 1.0
1.0539641912 1.0
1.05394446328 1.0
1.05181857812 1.0
1.05050484484 1.0
1.04983826822 -1.0
1.04585210336 1.0
1.05358438351 -1.0
1.04482302306 -1.0
1.04585210336 1.0
1.05093401633 -1.0
1.04342794211 1.0
1.05284272459 1.0
1.05175667385 1.0
1.05227380594 1.0
1.0 -1.0
1.04671747507 1.0
1.05169629574 -1.0
1.04755295931 1.0
1.04905792063 -1.0
1.04824520511 -1.0
1.04905310693 1.0
1.05069282047 1.0
1.05168938862 1.0
1.04691300114 1.0
1.04511585998 1.0
1.05049892164 1.0
1.05267812098 1.0
1.04585210336 -1.0
1.05203107371 -1.0
1.04362305345 1.0
1.04553956798 1.0
1.04585210336 -1.0
1.05150923653 1.0
1.04185752384 1.0
1.05478999863 1.0
1.05507854696 1.0
1.04865951965 -1.0
1.04865951965 -1.0
1.04585210336 1.0
1.04585210336 1.0
1.04983359261 -1.0
1.05356848535 1.0
1.04903072164 1.0
1.05825750705 1.0
1.04758246896 1.0
1.04963167473 1.0
1.04765548461 1.0
1.04148142165 1.0
1.04703668903 1.0
1.04965526382 1.0
1.04165418362 1.0
1.05000421184 1.0
1.05397500087 1.0
1.04403209047 1.0
1.05213395656 1.0
1.04519706569 1.0
1.05293690531 1.0
1.05293690531 -1.0
1.04381082214 -1.0
1.04806592577 -1.0
1.04511585998 1.0
1.04345544299 1.0
1.04428930696 1.0
1.04733375739 1.0
1.04511585998 1.0
1.05324391972 1.0
1.04511585998 -1.0
1.04252907981 -1.0
1.04882498458 1.0
1.04416916074 1.0
1.04422078683 1.0
1.04177014634 1.0
1.0457379918 1.0
1.04259436003 -1.0
1.04910567185 -1.0
1.04250905336 1.0
1.05149952198 1.0
1.04299703014 -1.0
1.04612971626 1.0
1.05236096518 1.0
1.04992218366 1.0
1.04511585998 1.0
1.04191229112 1.0
1.04659419643 1.0
1.0521426212 1.0
1.04746884389 -1.0
1.04404373724 1.0
1.05075513847 -1.0
1.04463642126 1.0
1.05130660606 1.0
1.05045544991 1.0
1.05315978885 1.0
1.04863010487 1.0
1.05137580567 -1.0
1.04992515092 1.0
1.04990607428 -1.0
1.04394559223 1.0
1.04050208105 1.0
1.04503669035 1.0
1.04399545825 1.0
1.04524064646 1.0
1.04319274328 1.0
1.04166425082 -1.0
1.04662165236 1.0
1.04548922729 1.0
1.04629686014 1.0
1.04534429338 -1.0
1.0398484641 1.0
1.04919308573 1.0
1.04662165236 -1.0
1.0 -1.0
1.04511585998 -1.0
1.04275559974 1.0
1.04511585998 -1.0
1.05124008628 1.0
1.0511781116 1.0
1.04847735451 1.0
1.04402251021 1.0
1.05347386094 1.0
1.04604893069 1.0
1.04272811924 1.0
1.04266766738 1.0
1.04284644569 1.0
1.04275260392 1.0
1.04567199609 1.0
1.04627969043 1.0
1.05260619143 -1.0
1.04863624805 1.0
1.05030765751 -1.0
1.04926671992 1.0
1.05452017244 1.0
1.04847735451 1.0
1.04417026378 1.0
1.04463302906 1.0
1.04511585998 -1.0
1.04876225576 1.0
1.04561432505 1.0
1.04761717991 -1.0
1.04338920998 1.0
1.04658545757 -1.0
1.04397056043 -1.0
1.04359598388 -1.0
1.05105030567 1.0
1.05065412317 -1.0
1.0433111829 -1.0
1.04822987906 1.0
1.05276723074 -1.0
1.05895809296 1.0
1.04697209904 1.0
1.04323189453 1.0
1.04298082087 -1.0
1.05013176377 1.0
1.05183547831 1.0
1.04799692588 1.0
1.04386376823 1.0
1.0422458608 -1.0
1.05124008628 1.0
1.04342889357 1.0
1.04902562169 1.0
1.04511585998 1.0
1.04800677147 1.0
1.04511585998 1.0
1.05030273811 -1.0
1.04489580318 1.0
1.05124008628 1.0
1.04335417295 1.0
1.0425931359 1.0
1.04408832673 1.0
1.04511585998 -1.0
1.04506507964 1.0
1.03921884787 1.0
1.05154642383 1.0
1.04405543657 -1.0
1.04799692588 1.0
1.04729381178 1.0
1.04226068348 1.0
1.05187545003 -1.0
1.04342889357 -1.0
1.04511585998 1.0
1.05121257978 1.0
1.05436520333 1.0
1.04758246896 1.0
1.05931289647 1.0
1.04583314765 1.0
1.0416988304 1.0
1.04371503753 1.0
1.05473168545 1.0
1.03825074966 -1.0
1.04004259725 -1.0
1.04399334492 -1.0
1.0416988304 1.0
1.04403991659 1.0
1.05473168545 -1.0
1.04283111085 1.0
1.04268297953 -1.0
1.04463189294 1.0
1.04500098274 1.0
1.03891078788 1.0
1.0456934814 1.0
1.04324518369 1.0
1.04063981021 1.0
1.04511585998 1.0
1.04671998252 1.0
1.04918864472 1.0
1.04407745975 1.0
1.04760437751 1.0
1.04319743657 1.0
1.04635297855 1.0
1.05027782229 1.0
1.04314147322 1.0
1.04432679346 -1.0
1.04432679346 1.0
1.04255851301 -1.0
1.04164738069 1.0
1.04511585998 -1.0
1.04109073798 1.0
1.04511585998 1.0
1.04511585998 1.0
1.0434048501 1.0
1.04198988735 1.0
1.04511585998 1.0
1.05025628101 1.0
1.04002083702 1.0
1.04400271294 -1.0
1.05339530433 1.0
1.04910306329 -1.0
1.04232666523 1.0
1.04005228213 1.0
1.04380479079 1.0
1.04518987247 1.0
1.0427851259 -1.0
1.05124008628 -1.0
1.04704644618 1.0
1.05363092171 1.0
1.04473447509 -1.0
1.03973384588 1.0
1.0492491452 1.0
1.05049904646 1.0
1.05260619143 1.0
1.0415847325 1.0
1.04048263409 1.0
1.04888654465 1.0
1.04873146084 1.0
1.05078900695 1.0
1.04438500553 1.0
1.04317272746 1.0
1.04977173312 1.0
1.04562430059 1.0
1.04835219811 1.0
1.04835219811 -1.0
1.0455328369 -1.0
1.04914317191 -1.0
1.0450075359 1.0
1.03884085391 1.0
1.04175417133 -1.0
1.04463189294 1.0
1.04038678589 -1.0
1.04038678589 -1.0
1.04732866435 -1.0
1.0435573312 -1.0
1.04353163439 1.0
1.04323908542 1.0
1.05124008628 -1.0
1.0463416899 -1.0
1.05159046912 -1.0
1.04973202545 -1.0
1.04511585998 -1.0
1.04724035535 1.0
1.0 -1.0
1.04511585998 1.0
1.04318604566 1.0
1.04534759862 -1.0
1.04255578476 -1.0
1.04265509555 -1.0
1.04378408898 -1.0
1.04255578476 -1.0
1.04924781764 -1.0
1.04588701202 -1.0
1.04276043342 1.0
1.04192617626 -1.0
1.0 -1.0
1.04286045094 -1.0
1.05151304346 1.0
1.0 -1.0
1.04743012203 1.0
1.04048263409 1.0
1.04511585998 -1.0
1.04326744259 -1.0
1.04664374578 1.0
1.03767387471 -1.0
1.04281681645 1.0
1.04580299925 1.0
1.04457954122 -1.0
1.04175077497 -1.0
1.04482935693 -1.0
1.04220599167 1.0
1.04429418126 1.0
1.0437412786 -1.0
1.04820408384 -1.0
1.04348253833 1.0
1.04511585998 -1.0
1.04641102619 -1.0
1.04937256053 -1.0
1.04142220627 -1.0
1.04238245489 1.0
1.04326371487 1.0
1.04303093792 -1.0
1.04178926119 -1.0
1.04268297953 1.0
1.0434932607 1.0
1.04480729737 1.0
1.04277275323 -1.0
1.04511585998 1.0
1.0422027071 1.0
1.04641102619 -1.0
1.0495785107 1.0
1.04282064084 -1.0
1.05111705733 -1.0
1.05900755347 1.0
1.04359063233 1.0
1.04035801595 1.0
